1.1707
0.3181
2.8177
2.7443
2.0264
0.7852
2.7338
3.4253
3.8663
2.396
2.3386
3.3602
1.2725
3.7817
3.499
2.6808
3.668
0.067
2.8014
0.7812
3.7201
3.7092
2.2058
0.882
1.4285
0.1929
1.2418
3.9648
3.5864
0.2892
1.8061
0.6315
1.8781
0.1914
1.6839
1.0272
2.4793
3.2692
3.8808
0.7101
0.4014
3.8382
0.5237
2.2688
3.6404
0.126
3.2578
0.6092
0.6514
1.9047
2.6544
1.6174
0.024
2.5391
1.3623
3.7009
3.7058
3.1064
0.1252
2.3382
3.94
3.2956
2.2574
1.6818
2.4108
3.9183
2.3255
0.7522
0.4452
2.9444
3.1584
1.7893
3.2235
3.6736
3.524
1.4239
2.4277
2.7925
1.6783
2.4615
2.5288
1.5844
2.5866
0.9336
2.6786
2.6259
0.2199
1.1918
1.1615
0.0178
0.7971
0.25
2.8735
3.5852
1.2672
1.2885
0.3983
1.6963
0.4609
1.5426
0.8795
2.1523
3.2773
0.0755
1.1303
1.5694
2.8879
2.71
0.9639
1.6082
3.3618
3.682
3.0785
1.7371
0.5192
0.9343
3.4144
2.1162
0.5514
2.1669
2.0195
2.6188
1.4575
2.9274
1.6753
3.0669
0.7475
2.0748
3.2283
1.8459
1.987
2.5736
0.4284
1.5209
2.9692
2.0797
3.8887
1.4826
1.3541
1.929
2.1806
2.1168
0.547
0.4698
2.6583
2.3712
2.486
2.7485
3.4343
2.3782
3.1629
3.5667
0.5923
2.3189
2.9013
0.7712
0.7667
2.9764
2.5991
3.3803
0.2782
2.9085
2.8062
1.8666
1.5338
3.917
0.0366
1.7364
3.9431
3.065
1.1978
0.6665
3.7019
2.5217
1.552
1.0436
3.4439
1.8568
3.5202
2.1195
2.4556
3.3375
3.6757
2.4016
2.6499
0.5881
0.5753
0.5716
3.0887
2.5223
0.2201
2.5744
1.91
3.2805
3.2151
3.6203
1.5475
1.2691
3.8832
1.908
3.5688
0.7057
2.2064
0.2787
1.8199
3.0265
2.4259
2.7428
2.8842
1.7503
3.0306
3.3596
2.8095
3.324
0.1643
2.5879
0.1983
3.618
1.2096
2.8451
2.3638
0.0642
3.0094
0.0256
0.5152
0.4893
3.7846
0.5134
0.4529
1.5571
0.1984
2.6738
1.9903
3.552
0.5319
1.6061
1.8494
0.4788
2.2464
2.015
2.8342
2.1287
1.5701
3.5434
2.3361
3.4495
0.9106
1.0638
3.5657
2.825
3.6811
0.0189
0.5268
0.3177
2.9606
2.9836
1.2505
0.7894
2.1878
1.6618
1.6914
2.4591
2.2254
2.7056
0.9761
3.3519
0.4133
3.4554
1.7657
0.6697
0.3131
0.0913
2.8723
2.8398
2.2541
0.2997
0.7562
1.9151
0.704
3.9439
1.6403
2.1481
0.2012
2.7473
3.2107
0.6629
1.6412
1.2467
1.9954
0.342
1.5191
0.4832
3.6532
1.3753
1.0462
3.1205
2.6388
3.8674
2.3245
2.9748
3.8215
1.3825
2.3789
0.1945
2.1305
3.2403
2.1304
1.2677
2.0359
1.795
1.5242
3.7197
2.0626
1.8846
0.2323
3.2823
0.4057
3.7598
1.7369
0.8141
1.8649
3.0773
2.7088
1.7225
0.1498
2.0966
0.7513
2.6748
0.0351
3.2655
3.2642
3.9191
2.6545
2.2255
2.6027
1.8104
1.2718
0.099
0.3668
3.2898
0.9333
0.281
3.8604
1.3133
2.0321
1.3646
2.8893
2.3837
1.5973
3.0063
2.5021
3.4027
3.6937
2.9135
1.4139
3.453
0.3646
0.4891
3.8281
0.7905
2.4475
2.1295
3.9848
1.5267
2.8052
0.4297
1.5854
0.857
0.5044
1.8814
2.6874
1.3667
3.5538
0.1296
3.7959
3.6685
3.0052
0.6485
1.9896
0.4065
0.7871
1.7529
2.0562
0.5964
0.7622
1.5218
2.5883
0.5742
2.1831
3.0458
0.4788
2.4455
1.5125
3.3712
1.5054
3.5374
3.6355
2.3191
1.1194
0.5137
2.2459
3.0486
0.1886
2.8035
0.3104
3.8482
3.5687
1.5081
0.1384
1.0701
2.5896
0.8476
0.3573
1.5975
3.3857
3.591
3.4182
0.3966
2.9977
2.1189
0.9046
2.716
1.7118
3.7418
2.0879
2.083
0.6497
3.7104
3.0562
0.2413
1.8609
2.8515
2.6975
0.0386
3.4973
1.7522
2.5706
2.8138
0.4984
2.3836
3.6241
2.7117
1.0208
2.3046
1.1635
2.8143
1.6205
3.7407
2.5527
0.4043
3.6771
3.614
2.223
2.8048
0.5722
1.3454
1.9074
0.8954
3.0538
0.4052
1.2853
0.4568
1.6168
3.3652
0.1674
2.0039
3.0946
2.5346
3.2741
0.7789
1.491
1.9147
1.2244
0.2305
0.0807
1.4724
0.3636
1.0643
2.7672
2.629
1.3938
3.7799
0.6213
0.4787
0.3422
3.2413
3.9963
3.1339
2.4759
0.6838
2.9918
3.8063
3.6223
2.4415
3.3672
1.4191
0.8322
2.0692
0.6782
1.9962
2.9479
1.4317
2.4976
2.2011
2.4729
3.5899
0.8242
1.1575
3.2547
1.2903
3.7003
2.0975
0.7491
2.2417
3.8429
2.6906
2.0994
3.0049
1.0518
0.0672
0.2598
3.548
1.7097
3.1081
1.8572
0.3752
1.3435
0.531
2.398
0.0964
3.0875
3.1388
2.5599
1.5367
3.3284
0.4591
2.4005
0.8854
0.6221
2.3191
3.814
2.659
1.4553
1.8707
0.6135
3.412
2.1931
0.4061
2.0606
1.4645
2.8816
2.821
2.2575
0.2672
0.532
3.3168
3.4971
0.8059
2.0712
3.8339
2.9495
0.1293
2.7641
2.8583
3.6288
0.3109
0.3739
0.5361
2.6207
0.9252
1.7092
0.9968
3.0962
0.3844
1.5918
3.6775
3.2347
2.3221
1.1708
2.2299
0.1036
3.9622
3.3824
3.0988
1.0618
1.0961
0.779
2.7406
0.0428
3.0137
3.5879
2.1128
3.1751
3.8156
1.4398
0.0131
1.6913
1.3449
3.4183
2.6153
1.8833
3.3622
3.8235
3.8372
2.2077
3.5828
2.0595
2.7812
1.8912
0.4801
3.3551
1.7882
2.4462
0.4065
0.2892
3.0045
1.2035
2.7275
0.1814
3.792
3.0737
2.7517
2.4878
0.4399
3.4556
2.9773
0.7109
1.8105
1.5321
2.9055
2.0575
0.0212
1.007
3.5144
2.1669
3.4888
3.2568
1.389
1.3852
1.9915
1.6608
2.2253
3.2149
1.52
3.535
1.3412
2.0783
1.6609
0.7745
1.1778
3.92
2.4741
0.0787
3.738
2.745
1.9963
3.6799
1.1733
1.1964
2.6461
0.5054
2.4926
0.1966
2.0858
2.26
0.9432
0.9613
2.1253
2.3211
1.7607
3.3655
3.8966
0.1507
3.8403
3.1788
0.3769
1.6851
3.0643
1.9086
2.328
0.9024
3.1069
1.4138
1.8407
0.9708
2.8411
0.8435
0.677
1.1059
2.4025
2.6506
1.4629
3.3288
2.6592
2.1411
1.2923
3.8503
2.2092
2.4288
0.6707
3.517
0.2962
3.2498
0.9689
0.3391
0.5432
2.2629
2.5236
1.5235
3.0526
2.4998
0.2257
3.4174
0.5524
1.0059
0.3597
2.4754
2.1413
0.2443
1.6115
2.818
3.5521
3.9102
3.284
2.0926
1.569
3.8195
1.5652
3.9674
2.432
3.372
1.5415
0.9199
2.7821
3.4758
2.2465
1.1294
0.7685
1.3124
0.4277
0.6878
1.1775
2.8338
3.5464
0.1432
0.2748
0.9103
1.5179
1.081
1.915
1.2156
0.4533
0.8928
1.6821
2.8639
3.1931
3.9381
1.063
0.6971
0.9393
0.7969
2.3093
1.17
1.1045
3.4707
0.9962
3.4505
0.9446
3.6151
3.9999
2.8775
2.9562
0.8262
2.8702
3.8805
2.4043
3.1581
3.718
1.7025
3.5798
1.8248
1.6294
2.2036
3.0573
1.3397
0.7687
0.7955
3.0251
1.8037
0.526
1.533
2.6514
1.5767
0.3755
1.7541
1.56
3.4684
3.8584
3.1064
0.2491
0.2585
3.7568
1.7447
1.5117
1.2553
1.3363
1.3678
3.1487
1.3325
1.9937
2.3798
0.8049
0.0349
2.6853
2.9915
2.2572
3.0705
2.1205
3.2251
1.8292
0.1118
0.1668
1.7659
2.4746
2.5457
0.6848
1.8166
2.1667
2.5597
0.7287
0.2347
3.0462
1.4494
0.8356
0.6911
1.2265
2.0013
0.0797
1.877
1.4817
0.1551
0.4929
1.4758
3.1388
0.0848
3.694
2.4119
2.4489
1.2556
1.5802
3.8665
3.9368
0.5096
1.8729
0.4972
3.7351
1.4884
1.1663
3.1221
3.1604
3.1662
0.0664
1.3237
3.5212
2.3174
1.9005
3.9199
1.2241
3.706
2.7002
2.0148
0.4392
3.3872
2.3097
0.6731
1.1818
2.9461
1.4736
3.169
0.9818
3.3587
3.1143
0.8157
1.4679
0.2842
1.5851
2.2936
3.2617
0.6844
0.3615
0.8265
2.7252
3.4914
2.2
2.2043
2.3552
1.18
3.8424
1.1434
1.4824
0.3091
0.6911
1.4329
1.9665
0.6907
1.0682
0.7147
2.84
0.1082
3.7472
3.3848
0.6756
0.8818
1.3176
0.0117
1.5911
2.0206
0.8689
3.6526
2.4248
0.8125
0.5579
0.2686
1.9024
0.4827
3.7136
0.0172
1.6615
1.3378
0.9
1.2762
1.0695
1.3044
0.1091
2.8536
2.9485
2.4269
3.0262
2.833
1.3312
2.7911
1.7985
2.259
2.5218
2.2742
2.6627
2.6928
3.2957
3.994
1.9626
2.3525
1.101
1.9381
0.7719
0.3013
3.2717
0.0603
2.3713
2.13
1.9433
2.8995
1.5828
0.401
3.4013
2.8413
3.8875
2.299
0.4906
2.8232
2.2775
0.3822
0.2394
3.8549
1.988
2.5808
1.9579
2.3178
2.8046
2.6074
2.2905
1.1325
3.4694
2.7815
0.7619
0.4187
3.6966
3.6927
0.77
1.7734
1.6503
0.6062
3.3083
2.9555
1.1565
0.5716
3.2669
3.6387
0.4575
2.381
1.8564
2.2339
3.0931
2.8294
0.6455
1.6046
2.6824
3.9593
2.6574
2.4825
1.8686
1.8385
1.2947
1.8674
1.4439
1.6489
1.753
2.1094
1.633
2.1382
2.8208
0.5745
1.164
2.8966
2.1712
3.5875
3.9785
1.2184
0.1552
0.8955
1.6476
0.6991
0.0715
3.02
0.2832
0.0139
2.8974
2.3501
3.9107
0.2691
3.1088
2.3685
0.4946
3.0767
0.1454
0.9301
0.2567
2.0287
0.8189
3.0237
3.903
1.1981
2.3398
3.6848
3.3685
2.3097
0.1925
2.0829
3.1029
2.026
1.2997
0.4829
0.0245
1.8116
3.075
2.3305
3.8841
0.7711
1.6664
3.0133
2.1989
3.1943
1.5452
3.2874
1.6108
1.3186
0.1472
0.5711
3.1616
2.3272
2.2409
1.4993
3.1372
1.1466
3.1443
0.2301
2.628
3.7392
3.4584
2.1936
0.9021
0.5897
2.2289
1.1901
1.1189
2.3761
2.5815
3.8831
1.8538
2.6741
2.9188
3.6389
3.6031
2.2641
3.269
3.4618
0.6819
3.156
0.455
3.7749
1.2462
3.5239
0.149
2.6582
1.7194
3.9809
2.3904
3.0926
0.7721
1.4653
1.6568
2.7783
0.4403
2.278
3.1054
3.7748
1.1918
2.2784
3.6794
1.336
1.7851
2.1302
0.1606
1.6835
3.2902
2.2593
3.6079
1.375
2.2707
1.5855
3.9991
2.1624
2.0963
2.5695
0.1701
1.4373
1.5196
1.5095
3.7663
1.3119
3.6634
1.6753
0.2214
2.5901
1.75
3.8784
1.5647
1.0004
0.8606
1.5157
3.7442
0.6449
2.7253
1.228
3.9222
2.4125
0.5849
3.6966
3.6726
1.6833
1.1233
1.3135
2.2463
2.093
3.47
2.312
3.763
2.1233
3.5459
2.5251
3.4563
0.1049
3.4512
0.2016
0.8133
1.3214
2.2228
0.2429
3.0653
0.7046
2.9298
0.4485
0.7257
2.6131
0.8847
3.5246
2.1652
2.2255
1.992
2.7801
3.781
1.1969
1.8906
1.265
1.6088
0.284
2.8892
2.7204
1.4383
0.2046
2.4453
2.3604
1.3064
0.3815
2.2407
2.0227
0.0959
3.2483
2.0026
3.3491
3.143
0.9688
1.4546
0.232
3.712
0.3265
1.7208
1.414
0.7331
0.3751
0.2552
0.1867
2.3437
2.6314
1.8696
2.0626
0.099
1.4231
2.7667
0.8171
3.8094
0.0329
0.1085
2.8594
2.3549
1.1882
1.6669
3.3544
1.3145
0.363
3.5421
1.271
1.415
1.5329
3.7947
3.3842
3.8587
0.1071
1.1802
3.2713
1.4503
0.6005
1.8792
2.2519
1.1974
3.2247
2.2128
1.6275
2.988
0.6203
1.8457
2.4123
1.5185
0.9015
3.5315
2.8117
2.4492
1.8726
3.4666
1.471
0.2161
0.6614
3.1216
2.1596
1.7321
2.9917
3.8674
1.172
1.7296
0.7571
1.3295
3.0945
3.3209
2.0535
3.0625
0.7269
0.6332
0.2779
0.6193
2.7398
2.3799
3.1087
2.9395
2.4536
3.2383
3.3259
2.7232
3.5501
2.8551
3.9041
0.9641
2.4688
1.1292
1.3087
0.4265
3.8028
2.4002
1.2996
3.4709
3.7825
0.8876
1.3241
1.3369
0.419
0.1527
2.4877
2.5719
1.4453
3.3879
3.2294
1.7275
0.8696
3.5299
0.4288
0.3303
2.2678
0.5536
1.2813
1.0649
3.2271
3.9834
1.4367
1.6817
1.4459
2.9227
1.6317
3.9637
0.6803
0.4739
1.8177
3.5043
0.7979
0.6694
0.5325
1.0609
3.8248
3.122
1.3515
0.8332
3.3601
2.7239
3.839
2.3241
3.2502
2.2822
0.6164
0.9504
1.5485
2.5527
1.3343
3.0944
1.0723
2.5179
3.6249
2.0262
2.7412
1.0773
2.8292
3.5069
2.2264
1.1933
1.4779
2.5457
3.7216
0.9057
1.1177
3.2613
0.9463
1.9076
2.3591
2.614
1.4807
1.3704
0.5489
2.9277
1.8097
0.9375
3.4338
3.1298
2.4119
0.4873
0.242
1.1588
2.4843
3.1712
2.4329
2.14
0.4366
2.8185
0.9603
0.618
2.2246
2.1306
2.4787
1.7034
3.8262
1.6451
2.4542
3.3073
0.4886
3.6544
0.8067
3.3852
2.7149
0.0952
1.6279
2.3078
3.2142
1.47
1.4927
2.199
2.1908
3.5868
2.3553
0.3481
1.2228
2.7427
2.5092
1.3942
0.4377
0.1371
2.8435
2.1956
2.3552
1.1463
1.7435
2.0131
3.8854
0.1789
1.5469
3.5001
0.9161
1.7809
3.6169
2.9009
3.4178
1.0393
2.786
0.5017
2.2774
0.7311
2.5006
0.9015
0.9246
1.9605
3.1032
3.8328
0.74
2.2811
1.4743
2.185
1.1623
2.4588
2.1183
0.4127
2.1432
3.3845
1.1517
0.3477
0.8982
0.3501
3.8795
1.9049
2.5011
2.4006
2.1953
1.4545
1.19
2.1686
2.2369
1.4074
1.9585
1.5517
1.709
3.4752
3.4891
1.9776
2.4936
3.0557
3.8848
2.0826
2.5966
0.9969
0.9877
1.031
2.8307
0.61
1.8597
3.6519
1.5445
0.9866
3.6315
1.1782
2.9954
3.417
1.9916
0.9807
1.2079
1.9775
0.2256
3.3525
2.2546
1.7778
2.0158
2.6372
1.9131
1.2244
1.0978
0.8793
3.6201
2.1389
1.0468
3.6298
3.29
0.1713
1.7709
0.6437
3.0731
2.4768
2.4052
2.4183
2.8038
3.5579
3.313
2.9633
2.4814
2.0348
2.6944
3.3747
0.5352
1.0195
3.2577
0.1752
0.3081
3.0437
1.7435
0.1505
3.425
2.695
2.3154
0.4248
2.4328
1.587
2.6632
0.014
3.9248
0.6136
1.1075
1.5405
2.0971
1.7242
0.2748
2.1852
1.895
3.6883
3.8918
1.4022
0.5267
1.2864
1.8309
3.8527
2.6038
1.1071
1.0698
0.8481
3.8586
1.9159
0.1519
2.5096
0.1889
2.4242
2.7255
1.8867
2.6879
0.9246
1.385
0.312
1.9865
1.189
3.0013
3.6034
0.7877
3.153
3.7065
0.5002
1.2317
0.3256
3.4186
3.4706
3.3577
0.7361
0.4763
0.7839
0.43
3.0822
0.2234
2.7154
2.4674
2.5385
1.7722
3.794
0.6425
2.7339
1.8751
2.487
0.7767
1.943
2.02
1.2333
2.7151
0.9214
0.4195
0.2659
3.4855
1.3008
0.4433
1.5891
1.557
3.8496
1.8441
2.5226
0.9098
0.3111
1.3291
3.1977
2.3421
3.4626
0.1119
2.6764
3.7439
2.8803
0.8418
1.4114
2.8536
3.5558
2.4105
1.8116
0.0848
2.6047
0.0374
0.0287
0.4928
3.2321
0.8071
1.0793
0.0718
1.0689
3.0446
2.1421
0.01
2.5074
1.6004
3.4907
3.5961
1.8004
0.2654
1.7556
3.1032
0.4193
1.5464
1.0428
2.727
1.6823
0.572
1.5665
1.7665
3.7516
1.3187
3.805
2.4363
3.3302
1.1689
0.69
1.257
3.5035
2.2721
1.55
2.7289
1.004
3.4387
3.2015
2.4388
1.6446
0.4743
2.7963
3.1776
0.2716
0.5877
2.5891
3.5981
1.3919
2.3296
0.4495
0.9193
0.6792
3.5567
0.6861
1.205
3.8915
2.3785
2.3401
1.9631
1.9358
2.954
2.4457
1.4796
1.1051
3.2887
3.5983
1.7505
2.3209
3.7842
0.7166
1.6072
2.2428
0.7454
2.5821
1.8833
1.3515
0.4201
2.9813
2.964
3.345
1.9756
2.7202
1.0513
1.484
2.1441
2.5887
2.3879
3.1861
2.6665
0.4384
1.6368
2.9784
0.0613
2.4551
2.5434
1.3411
0.621
0.168
3.7185
2.3937
2.6433
3.0867
1.5833
3.6272
1.1856
1.458
0.7504
0.4565
2.9344
2.0209
3.1883
3.9694
3.2955
3.894
0.944
2.7783
1.0561
0.6771
3.52
3.6212
2.8814
2.7742
3.0339
1.7551
2.0705
1.3911
3.3568
3.424
0.4212
2.5083
2.2711
1.9172
3.117
0.3438
0.2713
0.8277
2.9506
0.933
2.0635
1.8477
3.3898
1.5
2.6228
2.9522
3.8597
0.0531
3.3561
2.7901
1.0605
3.1189
3.7498
1.105
1.3699
2.668
0.4888
3.0606
2.6066
2.3189
0.8844
3.5577
2.0575
2.8657
2.117
3.1507
1.1165
2.6117
3.8565
2.6807
3.4303
0.5034
0.9402
1.8917
3.4588
3.6703
3.6899
3.5589
3.8999
2.6692
2.7156
1.7673
2.9478
2.4686
0.7653
2.667
1.0289
1.0274
3.0615
1.0393
2.0835
0.7115
3.8973
1.9214
1.8675
0.1153
0.2327
1.6332
3.0987
3.0813
2.6549
3.4966
1.513
2.2188
2.2299
2.5967
0.2807
2.2107
2.9302
1.9205
2.7418
2.8431
2.1408
0.7589
2.6399
0.1894
3.2975
0.209
3.6801
3.4901
2.75
2.8824
3.5478
0.3292
0.6407
0.8364
0.4802
3.7899
1.9969
3.991
3.9465
3.5501
1.9376
3.7713
0.2331
3.8498
0.2262
3.873
0.4475
3.9621
1.9369
0.2296
1.6026
1.37
3.5415
1.1103
1.7293
3.0297
2.4288
1.7162
1.5825
2.5291
1.0548
3.4163
1.4519
1.6074
0.022
1.4716
2.7095
1.4883
2.3166
1.8527
1.5966
0.6027
1.7125
1.7757
3.3923
1.8773
3.1895
2.3564
2.2175
0.3229
1.1179
0.7211
3.4488
3.2822
0.2136
2.2263
2.2287
1.416
2.5736
3.1228
0.8585
1.2494
3.8167
2.4598
0.1292
1.0891
3.2528
2.2947
2.0556
2.4656
2.057
2.0003
1.0701
3.8343
1.4899
1.5207
3.8871
0.7387
2.7144
0.4411
0.3656
2.2066
0.6489
3.7865
0.3968
3.5678
1.4339
2.3238
0.374
3.3234
2.6605
2.4296
1.7108
1.4721
2.7361
2.1532
2.5156
0.6777
2.792
2.8768
2.6118
0.3156
0.2449
3.3529
1.8941
1.0366
1.7089
2.6772
2.0828
1.6641
2.6626
0.7905
3.5274
3.4205
2.2143
1.078
2.9086
0.9661
3.8508
2.7807
1.1187
3.7333
1.4083
2.2743
1.4452
1.6191
3.8103
3.834
2.822
3.6072
0.9395
3.8064
3.7682
3.9447
2.5352
2.8003
0.6275
1.849
3.0734
0.4785
0.7522
1.9946
3.0255
1.2241
1.1645
1.3887
3.4109
2.1405
2.3553
0.3834
0.6838
0.2559
1.2769
0.9035
1.8817
3.2365
0.301
2.6748
1.83
1.1528
0.4092
1.4545
0.9947
1.585
3.9544
3.4877
3.4489
3.0426
1.688
0.8959
0.6535
0.7507
1.0283
3.3674
3.6879
2.4954
1.6638
3.7402
2.4075
0.4446
2.1387
3.1747
1.6358
1.2648
2.4371
0.1187
1.1374
0.0427
0.2759
3.2393
3.4263
2.7712
2.6973
0.604
3.2685
2.52
3.3238
2.8007
2.7404
2.3674
1.3302
3.5198
1.1071
1.1662
3.4997
0.2692
2.4225
0.9239
2.0583
0.6113
2.556
3.1842
3.1503
0.997
1.2256
3.8595
3.1638
2.8298
0.1632
2.057
1.6113
0.5764
2.4488
2.6827
2.0926
2.273
1.3843
0.2726
2.8031
0.7483
1.8555
1.4555
3.7597
0.3753
2.6068
2.1366
1.0775
3.1375
1.3737
1.6429
0.5273
1.6126
3.4302
3.736
1.9617
1.1648
3.3297
3.2139
2.7585
2.3944
0.2547
1.434
0.4232
1.085
1.7775
2.7443
1.7963
1.4727
3.407
3.4202
1.2743
0.5208
0.2397
0.1435
2.8325
1.475
2.4163
0.2852
1.8197
0.4702
3.7587
3.1319
0.2935
0.5727
3.5012
3.0189
2.9999
1.0284
1.5217
3.6099
1.0043
0.3745
0.4295
3.4361
3.9833
1.6939
1.3728
3.2093
0.3212
3.093
2.5832
3.2878
2.3275
1.0567
1.0038
3.6277
2.9156
3.8086
1.7632
3.8365
3.0335
1.2593
1.4563
0.54
3.1096
0.1888
1.4492
0.4581
1.3379
0.8601
1.0191
0.8447
1.5055
2.803
1.318
3.8115
1.7264
0.8306
3.0321
2.0274
2.5666
3.7483
0.9206
3.5578
1.6683
2.3448
2.5345
0.1786
1.3096
0.7608
3.023
1.5571
2.661
2.0226
1.606
2.6142
0.1348
2.8165
0.1824
1.2009
3.9399
3.0479
0.3855
2.5459
1.1828
0.8304
0.5116
1.4471
1.6507
1.8108
2.0225
1.3681
0.2067
2.9056
3.4671
3.3246
1.8663
3.6793
2.8911
0.5528
2.9528
2.9796
3.1883
2.4581
3.5243
0.3058
1.3624
0.5563
2.3326
1.958
0.7718
2.5993
2.255
3.742
3.996
1.1991
2.3446
3.9792
0.4015
3.7005
3.4574
2.3281
3.4649
1.7021
1.7433
1.0082
3.8804
2.0913
3.7842
0.782
1.3535
0.4023
1.9449
0.4534
2.1794
0.512
0.9669
1.5157
1.8861
3.1496
2.8019
0.796
0.8193
3.6539
2.8627
1.439
2.9898
2.9358
3.0347
0.9396
3.6833
3.5865
0.6151
1.5978
0.0416
3.8849
1.7575
0.272
2.5085
0.8642
3.5863
3.7787
3.2117
2.644
0.836
2.1202
3.243
0.5101
2.8389
1.217
3.316
3.5421
3.3659
1.7539
3.4597
1.0095
3.2051
2.7946
1.9112
1.42
1.9015
2.9295
0.4088
3.4427
0.7391
0.1736
3.1902
3.5715
0.7724
0.2422
0.947
0.0738
2.401
0.0324
3.9299
2.2844
2.4712
1.208
1.6942
1.3417
2.3471
2.7829
1.0753
1.9692
1.1181
1.3601
2.5772
3.3311
1.0493
3.5239
0.2962
0.4252
1.0405
2.06
1.9212
3.937
3.3602
3.9639
2.6687
0.3312
2.066
1.2992
0.5352
2.5064
0.9224
2.5038
2.4492
0.8631
2.7281
3.3085
0.8884
3.6375
1.3368
0.8637
3.9522
1.5151
1.7499
0.354
1.3519
2.8888
3.2926
1.8486
1.0153
0.0794
1.8725
3.2144
0.5912
3.743
2.5739
2.6554
2.6534
3.7229
3.0817
3.8497
0.8404
2.5387
0.6395
2.5567
0.8647
3.6774
3.2292
1.3045
2.9564
0.7922
3.0631
2.1765
2.4439
1.6312
2.3543
0.6376
3.9564
1.858
1.2363
2.957
3.7861
2.2831
2.4023
0.0737
2.0845
3.3101
0.3048
1.6926
1.6356
0.7134
1.0096
0.2174
2.2438
1.5952
2.6866
2.4712
1.3711
1.1061
2.5079
0.1377
1.7104
2.5942
1.6624
1.651
2.0424
0.6229
3.4302
2.6756
3.776
1.9703
3.9407
0.6589
1.3539
3.8205
1.5471
2.0707
3.51
1.9286
3.9837
2.3028
0.9577
1.2494
2.1358
3.2519
2.6425
1.6767
3.4212
1.9712
3.3077
0.1594
1.2142
2.6275
2.1698
3.7098
0.9497
3.2607
1.5225
3.6344
0.6701
0.6907
3.3366
3.7542
1.4822
3.4867
2.8427
3.6528
3.558
0.5567
3.7224
1.2817
1.3327
2.6415
3.8739
0.3755
0.0914
0.764
0.3638
2.5285
1.8427
3.8923
3.4353
3.8951
0.6463
0.128
1.1144
3.6621
0.9644
2.3693
2.7134
2.4639
0.3134
1.7765
1.5423
2.9574
2.5966
0.1204
3.2547
2.9015
2.8233
3.1656
0.0734
0.064
0.9345
3.4878
3.6679
3.257
3.3992
1.613
2.2701
2.2477
1.9561
0.1508
0.3419
0.5738
1.8897
1.6727
2.4536
0.5084
0.7669
0.9557
3.4566
2.8907
3.1958
3.2906
1.5658
2.5352
3.1107
0.6122
3.0083
1.3111
2.699
2.3849
1.2618
2.1365
0.3839
2.7116
1.4536
1.1263
3.6015
1.6165
0.7059
2.8791
0.9811
3.5138
1.9141
1.9232
2.6653
1.2535
3.2856
1.1764
2.9377
0.1424
2.7181
2.0122
0.5557
3.5025
3.9025
0.708
1.4741
0.2268
1.2889
0.8774
1.0115
2.7209
2.8725
2.0253
1.0869
1.2014
0.0884
0.1107
0.4646
1.79
3.0791
2.0812
1.1722
2.2042
3.3575
2.8402
0.7844
1.5493
3.4179
2.8815
1.074
3.1205
3.1946
0.4199
0.9006
0.4145
2.5767
3.5703
0.143
1.9786
3.759
1.1128
3.3447
3.636
3.4322
1.1857
0.0149
1.2026
2.5974
3.7811
1.7895
1.795
0.0635
3.0228
1.4702
0.097
3.7861
1.4719
1.1971
0.4289
2.069
2.4794
3.408
0.1827
1.6644
3.9346
2.3829
3.2761
3.6008
1.1693
3.1523
1.7233
3.8502
1.5084
3.1397
2.4433
0.4259
2.2234
0.1177
0.4686
2.7458
0.7241
2.7445
1.4252
2.5944
1.8657
0.7598
2.9307
3.039
0.2371
3.672
3.0421
0.3314
0.2796
1.1659
3.4572
3.284
2.5245
2.2116
1.7769
3.3857
2.6858
3.7776
3.12
1.0515
3.4005
0.0823
1.5591
1.701
3.1723
0.1035
0.5787
2.443
1.7015
1.8751
1.5602
3.6674
1.8039
1.6674
1.5675
1.4798
2.8836
3.972
1.8813
3.1021
0.9748
2.9349
3.6916
1.3236
1.1925
3.1061
2.6036
2.7405
1.206
3.0003
3.9453
1.4871
0.5501
3.3506
2.9192
0.9835
0.7438
2.6408
1.5722
3.7606
0.0852
2.3517
0.9149
1.8213
1.631
0.975
0.8475
2.4407
3.5769
1.4112
2.2475
0.9687
1.9583
2.4251
0.9647
3.3833
0.7975
2.9658
2.733
2.4838
3.5059
1.1376
0.315
3.6881
0.4498
1.1347
1.2624
2.3769
3.7576
3.3575
0.0762
1.4767
0.1816
0.1926
1.3487
1.6775
2.7403
0.9453
3.0439
3.2257
0.9032
2.3933
3.1772
3.6562
2.0429
2.7568
1.3038
3.7699
2.9048
3.551
3.1944
3.2625
3.2274
3.0163
3.223
2.0309
2.5934
0.5206
3.1091
2.4397
1.6195
1.0887
1.4137
0.5232
3.0159
2.0747
1.9987
1.6011
1.8211
3.7144
3.363
1.3111
2.92
3.8501
1.3071
1.2795
2.943
0.6619
2.2457
1.5808
0.8559
3.1971
1.9342
0.8836
1.7986
3.227
0.8146
3.3861
3.4716
1.7986
2.9522
3.012
3.9293
2.8208
1.0313
2.9636
1.5252
0.3748
1.0896
3.0881
1.7479
0.1754
1.21
2.1379
2.2134
3.5832
0.2493
0.0417
2.6293
3.7398
3.7259
0.206
3.2998
0.7745
0.7849
1.4957
1.7819
1.9542
1.6973
0.7957
3.1318
3.8905
2.8662
3.9461
1.8442
1.4931
2.8541
1.7433
0.6686
2.4274
0.9056
0.8217
2.6543
0.6482
0.0922
0.0721
3.9134
2.2305
1.775
3.7198
3.992
3.7979
2.1832
1.7745
3.1279
2.2562
0.1877
2.3771
0.737
1.8059
2.1042
3.933
3.9185
0.4478
3.9932
3.3519
0.2477
1.8051
1.9686
1.2674
1.4137
2.7098
1.9791
2.179
1.8668
2.6235
3.187
3.3556
1.0128
2.5958
1.9783
3.5495
3.444
3.8909
1.4078
0.7872
3.962
1.7748
0.7569
2.9524
3.2438
2.2166
0.6304
2.5286
3.0482
3.2044
3.7333
1.5552
2.4928
3.8592
1.6411
1.5189
2.6192
0.4167
3.6264
2.4756
3.3763
0.7711
1.5059
2.6957
2.981
3.4974
3.4054
2.9445
3.1132
1.4008
3.5387
1.1354
1.5495
1.3891
2.224
3.0347
0.983
3.5396
2.7174
2.7457
0.8455
1.0919
3.3195
0.8929
3.3688
0.7161
2.0889
0.3053
3.8028
0.4304
2.0909
1.9703
2.6065
3.189
2.0565
2.0805
1.6003
1.6675
1.5943
3.9925
3.0049
0.1704
3.2549
1.9187
3.0543
3.1055
2.0716
2.9432
0.2998
3.6622
0.6493
0.8816
3.4692
3.6929
3.4317
0.067
2.0279
3.0151
3.7473
1.2016
0.6007
0.4065
2.6676
2.5834
3.6278
2.7501
3.0695
1.214
3.5362
0.4167
1.199
1.6869
2.1078
3.6325
2.9974
1.4841
0.843
1.2152
2.0758
1.5587
1.7145
0.2039
0.7561
2.4273
1.9895
1.2557
3.9717
3.184
2.8372
2.3348
3.222
3.9288
2.005
1.9341
0.177
2.4038
0.8158
0.1707
2.424
1.1061
2.8511
3.3616
2.0872
2.7737
1.444
2.7387
1.5401
1.7553
0.6046
0.3819
2.4734
1.1615
2.9934
1.9779
0.79
0.5073
0.8766
0.543
1.8486
0.5801
1.9639
0.7925
2.8168
0.039
0.0934
1.2536
1.4217
1.2902
3.9778
1.3863
3.2432
3.3428
3.4564
2.3129
1.3145
3.3727
2.8195
3.7378
1.8211
2.0581
0.4004
1.6976
1.2432
0.3493
1.9391
0.7951
0.9757
0.2099
2.057
0.4583
3.9769
3.7329
2.8033
2.3892
2.3204
2.1255
2.0451
1.7177
1.0698
2.9362
1.0002
1.398
3.6871
2.7098
1.9686
1.3829
2.7465
3.6287
0.0855
0.7236
3.2676
2.3675
0.1828
3.4762
3.4678
2.5899
2.3145
3.0123
1.5762
0.6294
0.3345
2.2916
3.8169
0.5871
2.9445
1.8877
3.7869
1.5762
1.4793
2.7331
3.2029
3.9365
0.3822
2.1389
0.4147
0.4764
0.9243
2.7602
3.1786
1.3561
1.0097
1.0101
0.2331
2.234
3.8719
2.5046
2.5988
0.2706
2.1814
3.5697
2.8247
1.4526
3.2367
3.3713
3.4724
1.1931
2.454
2.9641
0.5651
1.1049
1.0561
1.4104
1.3436
1.6724
1.0421
3.0181
3.79
2.8989
2.7844
2.1129
1.3466
3.6165
2.5763
0.6716
3.2341
1.458
0.4873
0.6415
0.5871
1.0137
3.343
2.5542
2.7379
2.1681
1.2944
2.9577
1.0301
1.2519
1.7653
0.1786
1.4462
3.07
3.3043
1.0978
2.1779
2.3507
0.6244
3.3038
2.0392
3.6005
0.2173
3.6489
0.3345
2.1105
3.9333
3.0412
0.2228
0.3434
1.8297
0.4578
3.7989
1.8632
2.2669
2.3491
0.8339
1.0739
3.5649
0.0254
1.9923
0.5537
0.2894
2.7775
1.6391
2.3217
2.2832
1.4729
0.4466
0.9473
1.4017
3.6619
2.946
2.0064
0.5077
2.0217
2.9748
3.3181
0.7439
1.3419
1.7678
1.3957
1.4876
3.1291
2.6686
2.7259
0.1231
3.8679
1.8429
1.3029
2.8652
1.0729
2.1837
3.9337
2.7325
1.6663
1.8661
3.7765
0.4212
2.9044
1.7178
2.6206
2.1246
3.4062
2.2319
0.6474
2.1827
0.7703
2.1826
0.8524
3.0559
2.7199
1.9437
0.3497
3.8335
3.7087
2.5625
3.9394
0.1758
3.6476
0.5615
2.4357
3.6235
3.9719
0.0527
0.5255
2.0862
3.5042
0.7679
1.945
1.5969
0.6081
1.5905
3.3259
0.6574
0.729
2.8107
1.7998
3.4803
1.2157
0.2579
0.4113
1.6872
2.9249
2.8656
0.2924
3.7629
3.3587
1.5877
1.4633
3.1581
2.5577
3.2453
3.3004
1.376
2.5782
1.8729
0.4998
0.5137
2.6967
0.838
3.3261
0.1602
3.8704
2.3872
2.7094
1.7468
3.4292
2.8608
3.2216
0.0796
0.5443
0.1823
3.7847
1.7238
3.0835
0.8282
0.6994
0.2058
1.0598
2.7565
2.5758
1.0356
1.1296
1.1671
1.9811
1.0023
2.4173
3.1825
0.4223
2.9762
1.6726
3.8312
2.9035
1.7695
3.1931
0.3029
0.6887
2.7085
2.6225
0.288
0.9923
3.1202
1.9957
0.7719
3.8736
2.5883
0.7739
2.162
0.6548
0.7519
3.4468
3.6233
1.0581
3.1435
0.1103
0.9887
3.349
3.5987
1.6744
0.1174
2.3924
2.1069
2.5685
1.8432
2.5486
2.6999
0.2496
1.8372
3.988
3.0181
0.7703
0.7074
0.642
2.9994
3.2431
3.5642
3.9533
2.7668
0.1358
2.5876
0.5757
3.9683
2.9204
0.7558
2.38
2.7808
1.9015
0.3802
3.2754
3.6986
1.7887
1.5992
3.8927
2.6921
3.4978
3.4617
1.4614
0.9784
2.4206
0.2032
0.3863
1.2346
2.9962
3.6183
3.9109
3.6507
0.1583
1.5916
2.5527
2.482
3.1394
3.3022
1.2391
3.9133
0.4832
2.829
3.785
0.7004
1.2226
0.0399
3.7139
1.9894
3.5943
3.3265
3.6667
1.1861
1.4295
2.0917
0.3483
0.5258
2.1488
1.0116
3.5801
2.6863
2.7156
1.7839
0.2997
0.4205
1.4666
2.3297
3.7709
3.0379
1.3591
1.3942
3.5671
1.1776
0.2568
1.1717
1.6122
2.6595
2.1149
3.9886
0.902
3.2176
3.626
2.7456
2.9456
1.2159
2.6703
0.3109
0.9846
1.0162
0.7941
2.4541
2.8236
0.0871
3.8917
1.9499
3.918
1.0252
1.1194
3.3403
0.2062
2.8125
0.8188
0.8339
0.653
0.179
0.5663
0.6036
3.2029
1.8047
1.618
1.2053
2.9086
0.5312
0.7219
2.6985
3.3515
2.3634
2.9409
2.8415
1.2755
1.3979
3.3934
2.1404
1.5278
1.5673
3.3359
0.4346
3.9232
3.7299
0.1293
2.6562
3.8416
2.5459
2.9319
2.0288
1.6542
1.8321
3.3727
2.6773
1.7426
3.556
1.7363
0.5208
3.6996
3.9003
2.4929
1.8501
3.5676
2.633
0.6323
2.4698
2.0003
0.6316
3.5472
1.9663
1.7765
0.4086
0.5622
0.8356
0.0386
1.8865
1.0109
0.6044
0.5804
0.8552
0.2158
0.7721
0.8357
2.7917
1.4748
1.4438
2.9685
0.5131
0.4239
1.5184
0.3235
3.8067
1.1877
0.1366
3.0295
1.4008
2.5408
0.3553
3.0421
0.6138
1.6826
3.4863
2.5736
2.6814
1.9122
3.837
1.5304
1.3952
3.0094
1.8279
2.3132
1.5128
2.996
1.1073
1.2108
3.1461
2.7347
0.3158
0.1065
3.3433
1.1364
2.7823
0.0805
3.4593
1.8518
0.1443
1.2471
3.9965
2.1463
0.5359
0.7145
1.5297
2.401
3.7946
3.9531
1.1875
0.5133
3.4435
0.1573
0.5804
3.4478
3.8162
0.5242
2.7276
1.042
1.0619
3.6251
3.4447
0.0935
1.4849
2.7494
2.8982
2.8488
2.2641
0.52
2.4468
0.0648
1.5816
2.4689
1.4548
2.9942
1.4534
2.7835
2.5281
1.2061
3.3774
2.5161
1.7135
1.2015
0.0369
0.5468
0.0666
2.0361
2.946
2.9248
1.8466
1.1047
3.8085
3.9157
0.519
2.6022
1.3256
3.1021
3.6995
3.9516
0.6097
0.1252
0.512
2.1369
2.8568
1.3589
3.5289
2.2046
2.3587
3.0138
0.556
0.4454
1.3151
1.4552
3.9163
1.7784
0.7743
1.4485
0.3274
0.0373
3.6978
1.4386
3.7429
0.9934
0.6703
2.3918
3.1887
1.7107
2.3087
1.1169
0.5005
1.8762
1.9476
2.004
0.081
3.3964
3.8189
2.3859
1.807
3.9835
2.7578
1.1251
0.3627
3.317
1.1045
2.2395
1.4351
3.8632
1.8439
2.4596
3.4863
2.6776
2.6389
3.4957
0.6276
0.2616
3.3163
2.7963
3.0507
2.0068
1.8935
1.2456
0.4431
2.3371
2.1733
1.0659
1.4104
1.5641
3.4494
3.0507
1.6197
0.9133
0.6773
1.1384
0.3426
1.6482
1.2902
0.1698
1.6279
2.286
0.2109
1.0294
2.3113
1.6918
0.8336
1.9712
0.8027
2.947
1.7475
1.3305
2.8858
1.795
0.4294
1.143
3.8193
2.8406
0.8534
1.974
0.4558
0.5362
2.2571
1.3256
2.5386
2.7615
2.751
3.1408
0.3333
3.0152
2.5262
0.7893
0.3746
2.2917
1.1773
1.553
2.9148
0.0954
0.1917
3.6811
3.0304
0.445
0.164
2.3732
0.5097
1.1452
3.8849
1.4211
0.5891
0.5958
1.4831
0.9634
1.4211
2.8529
1.1839
3.3229
0.9186
2.7324
2.9774
3.7725
2.7801
0.8952
0.31
2.0235
1.8231
0.1161
3.2651
1.6408
1.2545
1.8226
3.1178
2.9241
0.378
0.6935
2.1185
3.5891
2.7429
1.9654
1.7273
3.7063
2.0387
2.4363
3.098
2.7346
3.3858
2.0821
1.7853
2.1143
1.1175
0.026
1.7352
2.7466
3.1404
3.1516
0.755
1.8991
3.8478
3.0753
3.0169
0.601
0.3615
1.8519
0.8216
0.2306
1.2896
0.4266
1.5469
3.751
1.1896
1.6128
0.5005
0.4418
0.5466
2.1088
3.418
0.6255
2.1335
2.1911
2.8598
0.7238
3.8373
3.2475
1.1876
3.2972
2.3938
3.3142
1.4983
1.2182
3.7675
1.2017
1.3181
1.0134
0.8057
3.9479
2.812
0.596
3.2566
2.2466
2.2604
2.7862
0.7358
0.8583
3.772
3.5857
1.0262
1.1924
0.0762
2.6629
0.403
3.7969
0.5352
2.9403
2.7065
1.4888
0.6207
1.6369
2.7948
3.2104
0.1176
0.9116
3.2182
0.7436
2.6355
3.8021
1.4651
0.3969
2.139
0.0703
1.1028
0.901
2.0814
2.9843
1.6882
2.5361
0.9228
2.5788
3.7986
2.5488
1.754
3.4928
1.1331
2.0216
0.4013
0.459
1.5419
3.4644
2.3641
1.0269
1.9847
0.1247
1.045
0.3729
2.3535
3.9752
2.5655
0.6535
3.5874
3.7579
0.5864
0.9816
1.186
3.7016
1.4698
3.4365
3.942
2.3039
0.7672
1.9986
0.9961
1.483
3.8531
2.2332
0.8374
3.3453
2.1007
1.6206
3.5363
1.2171
2.4957
0.5348
0.3751
1.8524
1.9911
3.8063
3.2779
0.5541
3.2859
3.186
3.9394
1.914
2.296
0.6215
3.5371
0.7377
0.4136
2.5336
1.9345
3.0482
1.6652
1.1395
1.9941
1.7481
3.8913
1.5126
0.6697
3.0577
0.3555
2.3314
3.3095
1.8813
2.5282
2.4664
1.6019
3.9906
1.8729
2.1832
3.8819
2.1384
0.2755
2.7588
0.9842
3.4703
3.6739
0.1967
2.7485
0.9174
0.5855
3.9965
1.413
0.2797
2.6438
0.0382
2.4361
0.5826
2.7153
1.7135
1.1255
2.0328
3.6893
2.9395
0.2298
1.5468
3.2272
3.0905
2.7672
2.7909
1.652
3.0166
3.4444
2.3255
0.1913
